QGC WPL 110
0	0	0	16	0.000000	0.000000	0.000000	0.000000	-35.363262	149.165237	584.080017	1
1	0	3	16	0.000000	0.000000	0.000000	0.000000	-35.363268	149.165139	10.000000	1
2	0	3	16	0.000000	0.000000	0.000000	0.000000	-35.363402	149.165142	10.000000	1
3	0	3	16	0.000000	0.000000	0.000000	0.000000	-35.363387	149.165333	10.000000	1
4	0	3	16	0.000000	0.000000	0.000000	0.000000	-35.363270	149.165322	10.000000	1
5	0	3	16	0.000000	0.000000	0.000000	0.000000	-35.363182	149.165309	10.000000	1
6	0	3	16	0.000000	0.000000	0.000000	0.000000	-35.363182	149.165139	10.000000	1
7	0	3	16	0.000000	0.000000	0.000000	0.000000	-35.363270	149.165139	10.000000	1
8	0	3	16	0.000000	0.000000	0.000000	0.000000	-35.363263	149.165238	10.000000	1
